maximum error : 1.99622
error list : 
-0.0542626
-0.0574877
-0.0608792
-0.0644448
-0.0681929
 -0.072132
-0.0762714
-0.0806209
 -0.085191
 -0.089993
-0.0950388
 -0.100342
 -0.105915
 -0.111774
 -0.117936
 -0.124418
  -0.13124
 -0.138422
 -0.145989
 -0.153966
 -0.162381
 -0.171267
 -0.180657
 -0.190591
 -0.201113
 -0.212273
 -0.224125
 -0.236734
 -0.250172
 -0.264523
 -0.279882
 -0.296363
 -0.314096
 -0.333239
 -0.353978
 -0.376537
 -0.401194
  -0.42829
 -0.458257
  -0.49165
 -0.529197
 -0.571884
 -0.621085
 -0.678807
 -0.748132
 -0.834173
 -0.946353
  -1.10523
  -1.37238
  -2.30992
  -1.46621
  -1.12547
 -0.930401
 -0.791266
 -0.681916
  -0.59106
  -0.51278
 -0.443577
 -0.381213
 -0.324163
 -0.271341
 -0.221944
 -0.175361
 -0.131113
-0.0888174
-0.0481602
-0.00888163
 0.0292387
 0.0663908
  0.102741
  0.138437
  0.173613
  0.208392
   0.24289
  0.277217
   0.31148
  0.345786
   0.38024
  0.414954
   0.45004
  0.485623
  0.521833
  0.558817
  0.596739
  0.635785
   0.67617
   0.71815
  0.762029
   0.80818
  0.857068
  0.909284
  0.965603
   1.02707
   1.09513
   1.17193
   1.26074
   1.36707
   1.50123
   1.68635
   1.99622
-1.45682e+144
